_G.Config_Settings = {
    Automatic_Farm = false,
    Automatic_Farm_Chest = false,
    White_Screen = false,
}
if _G.Fast_Delay == nil then
	_G.Fast_Delay = 0.3
end

spawn(function()
	while task.wait() do
		pcall(function()
		    getgenv().rejoin = game:GetService("CoreGui").RobloxPromptGui.promptOverlay.ChildAdded:Connect(function(Kick)
                if Kick.Name == 'ErrorPrompt' and Kick:FindFirstChild('MessageArea') and Kick.MessageArea:FindFirstChild("ErrorFrame") then
                    game:GetService("TeleportService"):Teleport(game.PlaceId)
                    wait(50)
                end
            end)
		end)
	end
end)

spawn(function()
    while task.wait() do
        if game.Players.LocalPlayer.Team == nil then
            pcall(function()
                if _G.Setting_table.Team == "Pirate" then
                    game:GetService("Players").LocalPlayer.PlayerGui.Main.ChooseTeam.Container.Pirates.Frame.ViewportFrame.TextButton.Size = UDim2.new(1000,1000,1000,1000)
                    game:GetService("Players").LocalPlayer.PlayerGui.Main.ChooseTeam.Container.Pirates.Frame.ViewportFrame.TextButton.Position = UDim2.new(-4,0,-5,0)
                    task.wait()
                    game:GetService("VirtualInputManager"):SendMouseButtonEvent(605,394,0,true,game:GetService("Players").LocalPlayer.PlayerGui.Main.ChooseTeam.Container.Pirates.Frame.ViewportFrame.TextButton,0)
                    game:GetService("VirtualInputManager"):SendMouseButtonEvent(605,394,0,false,game:GetService("Players").LocalPlayer.PlayerGui.Main.ChooseTeam.Container.Pirates.Frame.ViewportFrame.TextButton,0)
					print("Chroos Team Pirate")
                elseif _G.Setting_table.Team == "Marine" then
                    game:GetService("Players").LocalPlayer.PlayerGui.Main.ChooseTeam.Container.Marines.Frame.ViewportFrame.TextButton.Size = UDim2.new(10000,1000,10000,1000)
                    game:GetService("Players").LocalPlayer.PlayerGui.Main.ChooseTeam.Container.Marines.Frame.ViewportFrame.TextButton.Position = UDim2.new(-4,0,-5,0)
                    task.wait(.5)
                    game:GetService("VirtualInputManager"):SendMouseButtonEvent(605,394,0,true,game:GetService("Players").LocalPlayer.PlayerGui.Main.ChooseTeam.Container.Pirates.Frame.ViewportFrame.TextButton,0)
                    game:GetService("VirtualInputManager"):SendMouseButtonEvent(605,394,0,false,game:GetService("Players").LocalPlayer.PlayerGui.Main.ChooseTeam.Container.Pirates.Frame.ViewportFrame.TextButton,0)
					print("Chroos Team marine")
                else
                    game:GetService("Players").LocalPlayer.PlayerGui.Main.ChooseTeam.Container.Pirates.Frame.ViewportFrame.TextButton.Size = UDim2.new(10000,1000,10000,1000)
                    game:GetService("Players").LocalPlayer.PlayerGui.Main.ChooseTeam.Container.Pirates.Frame.ViewportFrame.TextButton.Position = UDim2.new(-4,0,-5,0)
                    task.wait()
                    game:GetService("VirtualInputManager"):SendMouseButtonEvent(605,394,0,true,game:GetService("Players").LocalPlayer.PlayerGui.Main.ChooseTeam.Container.Pirates.Frame.ViewportFrame.TextButton,0)
                    game:GetService("VirtualInputManager"):SendMouseButtonEvent(605,394,0,false,game:GetService("Players").LocalPlayer.PlayerGui.Main.ChooseTeam.Container.Pirates.Frame.ViewportFrame.TextButton,0)
					print("Chroos Team Pirate")
                end
            end)
        end
    end
end)

local VirtualUser=game:service'VirtualUser'
game:service'Players'.LocalPlayer.Idled:connect(function()
	VirtualUser:CaptureController()
	VirtualUser:ClickButton2(Vector2.new())
end)

spawn(function()
	while task.wait() do
		game:GetService'VirtualUser':CaptureController()
	end
end)

Old_World = false
local placeId = game.PlaceId
if placeId == 2753915549 then
    Old_World = true
end
_G.Color = Color3.fromRGB(68, 202, 186)

_G.Setting_table = {
    Team = "Pirate",
    Auto_Farm = false,
    FastAttack = true,
	Auto_Buso = true,
	Auto_Ken = true,
	Show_Damage = true,
	NoClip = true,
	Save_Member = true,
	Melee_A = true,
	Defense_A = true,
	SkillZ = true,
	Rejoin = true,
	Anti_AFK = true,
	K_MAX = 50,
	Chest_Lock = 50,
	Delay_C = 15
}

if type(_G.Setting_table.Weapon) ~= 'string' then
	for i2,v2 in pairs(game.Players.LocalPlayer.Backpack:GetChildren()) do  
		if tostring(v2.ToolTip) == "Melee" then
			_G.Setting_table.Weapon = v2.Name
		end
	end
end


function Text(value)
    game.StarterGui:SetCore("SendNotification", {
        Title = "Switch Notification", 
        Text = tostring(value),
        Icon = "http://www.roblox.com/asset/?id=9606070311",
        Duration = 10
    })
end
function Com()
    game.StarterGui:SetCore("SendNotification", {
        Title = "Switch Notification", 
        Text = "✅  Complete",
        Icon = "http://www.roblox.com/asset/?id=9606070311",
        Duration = 5
    })
end

function TelePBoss(p)
	if (p.Position-game.Players.LocalPlayer.Character.HumanoidRootPart.Position).Magnitude >= 2000 and not Auto_Raid and game.Players.LocalPlayer.Character.Humanoid.Health > 0 then
		if NameQuest == "FishmanQuest" then
			_G.Stop_Tween = true
			TP(game.Players.LocalPlayer.Character.HumanoidRootPart.CFrame)
			wait(.5)
			game:GetService("ReplicatedStorage").Remotes.CommF_:InvokeServer("requestEntrance",Vector3.new(61163.8515625, 11.6796875, 1819.7841796875))
			_G.Stop_Tween = nil
		elseif Ms == "God's Guard [Lv. 450]"  then
			_G.Stop_Tween = true
			TP(game.Players.LocalPlayer.Character.HumanoidRootPart.CFrame)
			wait(.5)
			game:GetService("ReplicatedStorage").Remotes.CommF_:InvokeServer("requestEntrance",Vector3.new(-4607.82275, 872.54248, -1667.55688))
			_G.Stop_Tween = nil
		elseif NameQuest == "SkyExp1Quest" then
			_G.Stop_Tween = true
			TP(game.Players.LocalPlayer.Character.HumanoidRootPart.CFrame)
			wait(.5)
			game:GetService("ReplicatedStorage").Remotes.CommF_:InvokeServer("requestEntrance",Vector3.new(-7894.6176757813, 5547.1416015625, -380.29119873047))
			_G.Stop_Tween = nil
		elseif NameQuest == "ShipQuest1" then
			_G.Stop_Tween = true
			TP(game.Players.LocalPlayer.Character.HumanoidRootPart.CFrame)
			wait(.5)
			game:GetService("ReplicatedStorage").Remotes.CommF_:InvokeServer("requestEntrance",Vector3.new(923.21252441406, 126.9760055542, 32852.83203125))
			_G.Stop_Tween = nil
		elseif NameQuest == "ShipQuest2" then
			_G.Stop_Tween = true
			TP(game.Players.LocalPlayer.Character.HumanoidRootPart.CFrame)
			wait(.5)
			game:GetService("ReplicatedStorage").Remotes.CommF_:InvokeServer("requestEntrance",Vector3.new(923.21252441406, 126.9760055542, 32852.83203125))
			_G.Stop_Tween = nil
		elseif NameQuest == "FrostQuest" then
			_G.Stop_Tween = true
			TP(game.Players.LocalPlayer.Character.HumanoidRootPart.CFrame)
			wait(.5)
			game:GetService("ReplicatedStorage").Remotes.CommF_:InvokeServer("requestEntrance",Vector3.new(-6508.5581054688, 89.034996032715, -132.83953857422))
			_G.Stop_Tween = nil
		else
			Mix_Farm = true
			_G.Stop_Tween = true
			game.Players.LocalPlayer.Character.Humanoid:ChangeState(15)
			repeat wait(.5)
				game.Players.LocalPlayer.Character.HumanoidRootPart.CFrame = p
				wait()
				game:GetService("ReplicatedStorage").Remotes.CommF_:InvokeServer("SetSpawnPoint")
			until (p.Position-game.Players.LocalPlayer.Character.HumanoidRootPart.Position).Magnitude < 1500 and game.Players.LocalPlayer.Character.Humanoid.Health > 0
			wait(.5)
			_G.Stop_Tween = nil
			Mix_Farm = nil
		end
	end
end

function CheckQuestBoss()
	-- Old World
		if _G.SelectBoss == "Saber Expert [Lv. 200] [Boss]" then
			MsBoss = "Saber Expert [Lv. 200] [Boss]"
			NameBoss = "Saber Expert"
			CFrameBoss = CFrame.new(-1458.89502, 29.8870335, -50.633564, 0.858821094, 1.13848939e-08, 0.512275636, -4.85649254e-09, 1, -1.40823326e-08, -0.512275636, 9.6063415e-09, 0.858821094)
		elseif _G.SelectBoss == "The Saw [Lv. 100] [Boss]" then
			MsBoss = "The Saw [Lv. 100] [Boss]"
			NameBoss = "The Saw"
			CFrameBoss = CFrame.new(-683.519897, 13.8534927, 1610.87854, -0.290192783, 6.88365773e-08, 0.956968188, 6.98413629e-08, 1, -5.07531119e-08, -0.956968188, 5.21077759e-08, -0.290192783)
		elseif _G.SelectBoss == "Greybeard [Lv. 750] [Raid Boss]" then
			MsBoss = "Greybeard [Lv. 750] [Raid Boss]"
			NameBoss = "Greybeard"
			CFrameBoss = CFrame.new(-4955.72949, 80.8163834, 4305.82666, -0.433646321, -1.03394289e-08, 0.901083171, -3.0443168e-08, 1, -3.17633075e-09, -0.901083171, -2.88092288e-08, -0.433646321)
		elseif _G.SelectBoss == "The Gorilla King [Lv. 25] [Boss]" then
			MsBoss = "The Gorilla King [Lv. 25] [Boss]" 
			NameBoss = "The Gorilla King"
			NameQuestBoss = "JungleQuest"
			QuestLvBoss = 3
			CFrameQBoss = CFrame.new(-1604.12012, 36.8521118, 154.23732, 0.0648873374, -4.70858913e-06, -0.997892559, 1.41431883e-07, 1, -4.70933674e-06, 0.997892559, 1.64442184e-07, 0.0648873374)
			CFrameBoss = CFrame.new(-1223.52808, 6.27936459, -502.292664, 0.310949147, -5.66602516e-08, 0.950426519, -3.37275488e-08, 1, 7.06501808e-08, -0.950426519, -5.40241736e-08, 0.310949147)
			TelePBoss(CFrameBoss)
		elseif _G.SelectBoss == "Bobby [Lv. 55] [Boss]" then
			MsBoss = "Bobby [Lv. 55] [Boss]"
			NameBoss = "Bobby"
			NameQuestBoss = "BuggyQuest1"
			QuestLvBoss = 3
			CFrameQBoss = CFrame.new(-1139.59717, 4.75205183, 3825.16211, -0.959730506, -7.5857054e-09, 0.280922383, -4.06310328e-08, 1, -1.11807175e-07, -0.280922383, -1.18718916e-07, -0.959730506)
			CFrameBoss = CFrame.new(-1147.65173, 32.5966301, 4156.02588, 0.956680477, -1.77109952e-10, -0.29113996, 5.16530874e-10, 1, 1.08897802e-09, 0.29113996, -1.19218679e-09, 0.956680477)
			TelePBoss(CFrameBoss)
		elseif _G.SelectBoss == "Yeti [Lv. 110] [Boss]" then
			MsBoss = "Yeti [Lv. 110] [Boss]"
			NameBoss = "Yeti"
			NameQuestBoss = "SnowQuest"
			QuestLvBoss = 3
			CFrameQBoss = CFrame.new(1384.90247, 87.3078308, -1296.6825, 0.280209213, 2.72035177e-08, -0.959938943, -6.75690828e-08, 1, 8.6151708e-09, 0.959938943, 6.24481444e-08, 0.280209213)
			CFrameBoss = CFrame.new(1221.7356, 138.046906, -1488.84082, 0.349343032, -9.49245944e-08, 0.936994851, 6.29478194e-08, 1, 7.7838429e-08, -0.936994851, 3.17894653e-08, 0.349343032)
			TelePBoss(CFrameBoss)
		elseif _G.SelectBoss == "Mob Leader [Lv. 120] [Boss]" then
			MsBoss = "Mob Leader [Lv. 120] [Boss]"
			NameBoss = "Mob Leader"
			CFrameBoss = CFrame.new(-2848.59399, 7.4272871, 5342.44043, -0.928248107, -8.7248246e-08, 0.371961564, -7.61816636e-08, 1, 4.44474857e-08, -0.371961564, 1.29216433e-08, -0.92824)
		elseif _G.SelectBoss == "Vice Admiral [Lv. 130] [Boss]" then
			MsBoss = "Vice Admiral [Lv. 130] [Boss]"
			NameBoss = "Vice Admiral"
			NameQuestBoss = "MarineQuest2"
			QuestLvBoss = 2
			CFrameQBoss = CFrame.new(-5035.42285, 28.6520386, 4324.50293, -0.0611100644, -8.08395768e-08, 0.998130739, -1.57416586e-08, 1, 8.00271849e-08, -0.998130739, -1.08217701e-08, -0.0611100644)
			CFrameBoss = CFrame.new(-5078.45898, 99.6520691, 4402.1665, -0.555574954, -9.88630566e-11, 0.831466436, -6.35508286e-08, 1, -4.23449258e-08, -0.831466436, -7.63661632e-08, -0.555574954)
			TelePBoss(CFrameBoss)
		elseif _G.SelectBoss == "Warden [Lv. 220] [Boss]" then
			MsBoss = "Warden [Lv. 220] [Boss]"
			NameBoss = "Warden"
			NameQuestBoss = "ImpelQuest"
			QuestLvBoss = 1
			CFrameQBoss = CFrame.new(4851.35059, 5.68744135, 743.251282, -0.538484037, -6.68303741e-08, -0.842635691, 1.38001752e-08, 1, -8.81300792e-08, 0.842635691, -5.90851599e-08, -0.538484037)
			CFrameBoss = CFrame.new(5232.5625, 5.26856995, 747.506897, 0.943829298, -4.5439414e-08, 0.330433697, 3.47818627e-08, 1, 3.81658154e-08, -0.330433697, -2.45289105e-08, 0.943829298)
			TelePBoss(CFrameBoss)
		elseif _G.SelectBoss == "Chief Warden [Lv. 230] [Boss]" then
			MsBoss = "Chief Warden [Lv. 230] [Boss]"
			NameBoss = "Chief Warden"
			NameQuestBoss = "ImpelQuest"
			QuestLvBoss = 2
			CFrameQBoss = CFrame.new(4851.35059, 5.68744135, 743.251282, -0.538484037, -6.68303741e-08, -0.842635691, 1.38001752e-08, 1, -8.81300792e-08, 0.842635691, -5.90851599e-08, -0.538484037)
			CFrameBoss = CFrame.new(5232.5625, 5.26856995, 747.506897, 0.943829298, -4.5439414e-08, 0.330433697, 3.47818627e-08, 1, 3.81658154e-08, -0.330433697, -2.45289105e-08, 0.943829298)
			TelePBoss(CFrameBoss)
		elseif _G.SelectBoss == "Swan [Lv. 240] [Boss]" then
			MsBoss = "Swan [Lv. 240] [Boss]"
			NameBoss = "Swan"
			NameQuestBoss = "ImpelQuest"
			QuestLvBoss = 3
			CFrameQBoss = CFrame.new(4851.35059, 5.68744135, 743.251282, -0.538484037, -6.68303741e-08, -0.842635691, 1.38001752e-08, 1, -8.81300792e-08, 0.842635691, -5.90851599e-08, -0.538484037)
			CFrameBoss = CFrame.new(5232.5625, 5.26856995, 747.506897, 0.943829298, -4.5439414e-08, 0.330433697, 3.47818627e-08, 1, 3.81658154e-08, -0.330433697, -2.45289105e-08, 0.943829298)
			TelePBoss(CFrameBoss)
		elseif _G.SelectBoss == "Magma Admiral [Lv. 350] [Boss]" then
			MsBoss = "Magma Admiral [Lv. 350] [Boss]"
			NameBoss = "Magma Admiral"
			NameQuestBoss = "MagmaQuest"
			QuestLvBoss = 3
			CFrameQBoss = CFrame.new(-5317.07666, 12.2721891, 8517.41699, 0.51175487, -2.65508806e-08, -0.859131515, -3.91131572e-08, 1, -5.42026761e-08, 0.859131515, 6.13418294e-08, 0.51175487)
			CFrameBoss = CFrame.new(-5530.12646, 22.8769703, 8859.91309, 0.857838571, 2.23414389e-08, 0.513919294, 1.53689133e-08, 1, -6.91265853e-08, -0.513919294, 6.71978384e-08, 0.857838571)
			TelePBoss(CFrameBoss)
		elseif _G.SelectBoss == "Fishman Lord [Lv. 425] [Boss]" then
			MsBoss = "Fishman Lord [Lv. 425] [Boss]"
			NameBoss = "Fishman Lord"
			NameQuestBoss = "FishmanQuest"
			QuestLvBoss = 3
			CFrameQBoss = CFrame.new(61123.0859, 18.5066795, 1570.18018, 0.927145958, 1.0624845e-07, 0.374700129, -6.98219367e-08, 1, -1.10790765e-07, -0.374700129, 7.65569368e-08, 0.927145958)
			CFrameBoss = CFrame.new(61351.7773, 31.0306778, 1113.31409, 0.999974668, 0, -0.00714713801, 0, 1.00000012, 0, 0.00714714266, 0, 0.999974549)
			if (CFrameQBoss.Position - game.Players.LocalPlayer.Character.HumanoidRootPart.Position).Magnitude > 3000 then
				game:GetService("ReplicatedStorage").Remotes.CommF_:InvokeServer("requestEntrance",Vector3.new(61163.8515625, 11.6796875, 1819.7841796875))
			end
		elseif _G.SelectBoss == "Wysper [Lv. 500] [Boss]" then
			MsBoss = "Wysper [Lv. 500] [Boss]"
			NameBoss = "Wysper"
			NameQuestBoss = "SkyExp1Quest"
			QuestLvBoss = 3
			CFrameQBoss = CFrame.new(-7862.94629, 5545.52832, -379.833954, 0.462944925, 1.45838088e-08, -0.886386991, 1.0534996e-08, 1, 2.19553424e-08, 0.886386991, -1.95022007e-08, 0.462944925)
			CFrameBoss = CFrame.new(-7925.48389, 5550.76074, -636.178345, 0.716468513, -1.22915289e-09, 0.697619379, 3.37381434e-09, 1, -1.70304748e-09, -0.697619379, 3.57381835e-09, 0.716468513)
			if (CFrameQBoss.Position - game.Players.LocalPlayer.Character.HumanoidRootPart.Position).Magnitude > 3000 then
				game:GetService("ReplicatedStorage").Remotes.CommF_:InvokeServer("requestEntrance",Vector3.new(-4607.82275, 872.54248, -1667.55688))
			end
		elseif _G.SelectBoss == "Thunder God [Lv. 575] [Boss]" then
			MsBoss = "Thunder God [Lv. 575] [Boss]"
			NameBoss = "Thunder God"
			NameQuestBoss = "SkyExp2Quest"
			QuestLvBoss = 3
			CFrameQBoss = CFrame.new(-7902.78613, 5635.99902, -1411.98706, -0.0361216255, -1.16895912e-07, 0.999347389, 1.44533963e-09, 1, 1.17024491e-07, -0.999347389, 5.6715117e-09, -0.0361216255)
			CFrameBoss = CFrame.new(-7917.53613, 5616.61377, -2277.78564, 0.965189934, 4.80563429e-08, -0.261550069, -6.73089886e-08, 1, -6.46515304e-08, 0.261550069, 8.00056768e-08, 0.965189934)
			TelePBoss(CFrameBoss)
		elseif _G.SelectBoss == "Cyborg [Lv. 675] [Boss]" then
			MsBoss = "Cyborg [Lv. 675] [Boss]"
			NameBoss = "Cyborg"
			NameQuestBoss = "FountainQuest"
			QuestLvBoss = 3
			CFrameQBoss = CFrame.new(5253.54834, 38.5361786, 4050.45166, -0.0112687312, -9.93677887e-08, -0.999936521, 2.55291371e-10, 1, -9.93769547e-08, 0.999936521, -1.37512213e-09, -0.0112687312)
			CFrameBoss = CFrame.new(6041.82813, 52.7112198, 3907.45142, -0.563162148, 1.73805248e-09, -0.826346457, -5.94632716e-08, 1, 4.26280238e-08, 0.826346457, 7.31437524e-08, -0.563162148)
			TelePBoss(CFrameBoss)
	end
end

		function CheckLevel()
			local Lv = game:GetService("Players").LocalPlayer.Data.Level.Value
			if Old_World then
				if Lv == 1 or Lv <= 9 or SelectMonster == "Bandit [Lv. 5]" then
					Ms = "Bandit [Lv. 5]"
					NameQuest = "BanditQuest1"
					QuestLv = 1
					NameMon = "Bandit"
					CFrameQ = CFrame.new(1060.9383544922, 16.455066680908, 1547.7841796875)
					CFrameMon = CFrame.new(1038.5533447266, 41.296249389648, 1576.5098876953)
				elseif Lv == 10 or Lv <= 14 or SelectMonster == "Monkey [Lv. 14]" then -- Monkey
					Ms = "Monkey [Lv. 14]"
					NameQuest = "JungleQuest"
					QuestLv = 1
					NameMon = "Monkey"
					CFrameQ = CFrame.new(-1601.6553955078, 36.85213470459, 153.38809204102)
					CFrameMon = CFrame.new(-1448.1446533203, 50.851993560791, 63.60718536377)
				elseif Lv == 15 or Lv <= 54 or SelectMonster == "Gorilla [Lv. 20]" then
				    _G.FM = false
					Ms = "Shanda [Lv. 475]"
					NameQuest = "JungleQuest"
					QuestLv = 1
					NameMon = "Monkey"
					CFrameQ = CFrame.new(-7863.1596679688, 5545.5190429688, -378.42266845703)
					CFrameMon = CFrame.new(-7685.1474609375, 5601.0751953125, -441.38876342773)
					if Auto_Farm and (CFrameMon.Position - game.Players.LocalPlayer.Character.HumanoidRootPart.Position).Magnitude > 3000 then
						game:GetService("ReplicatedStorage").Remotes.CommF_:InvokeServer("requestEntrance",Vector3.new(-7894.6176757813, 5547.1416015625, -380.29119873047))
					end
				end
			end
		end
		function CheckLevel2()
			local Lv = game:GetService("Players").LocalPlayer.Data.Level.Value
			if _G.Upto then
				Lv = Lv + 100
			end
			if Old_World then
				if Lv == 1 or Lv <= 9 or SelectMonster == "" then
					Ms = "Bandit [Lv. 5]"
					NameQuest = "BanditQuest1"
					QuestLv = 1
					NameMon = "Bandit"
					CFrameQ = CFrame.new(1059.37195, 15.4495068, 1550.4231, 0.939700544, -0, -0.341998369, 0, 1, -0, 0.341998369, 0, 0.939700544)
					CFrameMon = CFrame.new(1353.44885, 3.40935516, 1376.92029, 0.776053488, -6.97791975e-08, 0.630666852, 6.99138596e-08, 1, 2.4612488e-08, -0.630666852, 2.49917598e-08, 0.776053488)
				elseif Lv == 10 or Lv <= 14 or SelectMonster == "Monkey [Lv. 14]" then
				    Ms = "Monkey [Lv. 14]"
					NameQuest = "JungleQuest"
					QuestLv = 1
					NameMon = "Monkey"
					CFrameQ = CFrame.new(-1598.08911, 35.5501175, 153.377838, 0, 0, 1, 0, 1, -0, -1, 0, 0)
					CFrameMon = CFrame.new(-1402.74609, 98.5633316, 90.6417007, 0.836947978, 0, 0.547282517, -0, 1, -0, -0.547282517, 0, 0.836947978)
				elseif Lv == 15 or Lv <= 54 or SelectMonster == "Gorilla [Lv. 20]" then
				    Ms = "Shanda [Lv. 475]"
					NameQuest = "JungleQuest"
					QuestLv = 1
					NameMon = "Monkey"
					CFrameQ = CFrame.new(-7859.09814, 5544.19043, -381.476196, -0.422592998, 0, 0.906319618, 0, 1, 0, -0.906319618, 0, -0.422592998)
					CFrameMon = CFrame.new(-7904.57373, 5584.37646, -459.62973, 0.65171206, 5.11171692e-08, 0.758466363, -4.76232476e-09, 1, -6.33034247e-08, -0.758466363, 3.76435416e-08, 0.65171206)
					if Auto_Farm and (CFrameMon.Position - game.Players.LocalPlayer.Character.HumanoidRootPart.Position).Magnitude > 3000 then
						_G.Stop_Tween = true
						TP(CFrameQ)
						wait(.5)
						game:GetService("ReplicatedStorage").Remotes.CommF_:InvokeServer("requestEntrance",Vector3.new(-7894.6176757813, 5547.1416015625, -380.29119873047))
						wait(.5)
						_G.Stop_Tween = nil
					end
				end
			end
		end

		function TP(P1)
			if not _G.Stop_Tween then
				local Distance = (P1.Position - game.Players.LocalPlayer.Character.HumanoidRootPart.Position).Magnitude
				Speed = 100
				if Distance < 250 then
					Speed = 5000
				elseif Distance < 500 then
					Speed = 650
				elseif Distance < 1000 then
					Speed = 350
				elseif Distance >= 1000 then
					Speed = 250
				end
				Tween = game:GetService("TweenService"):Create(game.Players.LocalPlayer.Character.HumanoidRootPart,TweenInfo.new(Distance/Speed, Enum.EasingStyle.Linear),{CFrame = P1})
				if _G.Stop_Tween or Auto_Raid then
					Tween:Cancel()
				elseif game.Players.LocalPlayer.Character.Humanoid.Health > 0 then
					Tween:Play()
				end
			end
		end
		
function TP3(P1)
	local Distance = (P1.Position - game.Players.LocalPlayer.Character.HumanoidRootPart.Position).Magnitude
	if Distance < 250 then
		Speed = 10000
	elseif Distance < 500 then
		Speed = 500
	elseif Distance < 1000 then
		Speed = 250
	elseif Distance >= 1000 then
		Speed = 250
	end
	game:GetService("TweenService"):Create(
		game.Players.LocalPlayer.Character.HumanoidRootPart,
		TweenInfo.new(Distance/Speed, Enum.EasingStyle.Linear),
		{CFrame = P1}
	):Play()
	if _G.Stop_Tween then
		game:GetService("TweenService"):Create(
		game.Players.LocalPlayer.Character.HumanoidRootPart,
		TweenInfo.new(Distance/Speed, Enum.EasingStyle.Linear),
			{CFrame = P1}
		):Cancel()
	end
end

function TP2(P1)
	local Distance = (P1.Position - game.Players.LocalPlayer.Character.HumanoidRootPart.Position).Magnitude
	if Distance < 150 then
		Speed = 5000
	elseif Distance < 200 then
		Speed = 1500
	elseif Distance < 300 then
		Speed = 800
	elseif Distance < 500 then
		Speed = 500
	elseif Distance < 1000 then
		Speed = 250
	elseif Distance >= 1000 then
		Speed = 250
	end
	game:GetService("TweenService"):Create(
		game.Players.LocalPlayer.Character.HumanoidRootPart,
		TweenInfo.new(Distance/Speed, Enum.EasingStyle.Linear),
		{CFrame = P1}
	):Play()
	if _G.Stop_Tween then
		game:GetService("TweenService"):Create(
		game.Players.LocalPlayer.Character.HumanoidRootPart,
		TweenInfo.new(Distance/Speed, Enum.EasingStyle.Linear),
			{CFrame = P1}
		):Cancel()
	end
	_G.Clip = true
	wait(Distance/Speed)
	_G.Clip = false
end

function EquipWeapon(ToolSe)
	if game.Players.LocalPlayer.Backpack:FindFirstChild(ToolSe) then
		local tool = game.Players.LocalPlayer.Backpack:FindFirstChild(ToolSe)
		wait(.4)
		game.Players.LocalPlayer.Character.Humanoid:EquipTool(tool)
	end
end

spawn(function()
    while task.wait(.1) do
        pcall(function()
            if _G.Clip or Auto_Farm_Bounty or Auto_Twin_Hooks or Auto_Canvander or Auto_Buddy_Sword or Auto_Hallow_Scryte or Auto_Spikey_Trident or Auto_Dark_Dagger or Auto_Serpent_Bow or Auto_Acidum_Rifle or Auto_Swan_Glass or Auto_Pale_Scarf or Auto_Valkyrie_Helmet or Saber_Farm or Pole_Farm or Rengoku_A or Auto_Dragon_Trident or Triple_A or Auto_Yama or Auto_Tushita or Auto_Dark_Coat or _G.Setting_table.Human_Evo or _G.Setting_table.Mink_Evo or _G.Setting_table.Death_Step or _G.Setting_table.Sharkman_Karate or _G.Setting_table.Electric_Claw or _G.Setting_table.Dragon_Talon or _G.Setting_table.Superhuman or Auto_Three_World or Bartlio_Farm or Auto_New_A or Auto_Elite_Hunter or Auto_Phoenix_Awaken or Auto_Raid or _G.Setting_table.Farm_Ken_Hop or _G.Setting_table.Auto_Farm_Boss_Hop or _G.Setting_table.Auto_Farm_Boss_All_Hop or Open_Color_Haki or Auto_Holy_Torch or Grab_Chest or Auto_Farm_Monster or Farm_Ken or Auto_Farm_Bone or Farm_Ken_V2 or Auto_Farm_Melee or Auto_Farm_Sword or Auto_Farm or Auto_Farm_Gun or Auto_Farm_Boss_All or Auto_Farm_Boss or Auto_Farm_Fruit then
				if game.Players.LocalPlayer.Character.Humanoid.Sit == true then
					game.Players.LocalPlayer.Character.Humanoid:ChangeState(15)
					task.wait(5)
				end
				PIO = false
                if not game.Players.LocalPlayer.Character.HumanoidRootPart:FindFirstChild("BodyVelocity") then 
					local L_1 = Instance.new("BodyVelocity")
                    L_1.Name = "BodyGyrozz"
                    L_1.Parent = game.Players.LocalPlayer.Character.HumanoidRootPart 
                    L_1.MaxForce=Vector3.new(1000000000,1000000000,1000000000)
                    L_1.Velocity=Vector3.new(0,0,0) 
                end
            elseif PIO == false then
				for i,v in pairs(game.Players.LocalPlayer.Character.HumanoidRootPart:GetChildren()) do
					if v.Name == "BodyGyrozz" then
						v:Destroy()
						PIO = true
					end
				end
            end
        end)
    end
end)
---------------------------
Islands_Lead = {}
 
for i,v in pairs(game:GetService("Workspace")._WorldOrigin.PlayerSpawns.Pirates:GetChildren()) do
   Islands_Lead[#Islands_Lead+1] = v.Name
end
-----------------------
local require_Notify = require(game.ReplicatedStorage.Notification);
loadstring(game:HttpGet('https://raw.githubusercontent.com/x2Syrupz/Bubble-Hub/main/Apis/Protected.lua'))()
local Data = os.date("%A")..", "..os.date("%B").." "..os.date("%d")..", "..os.date("%Y").."."
local Player_Name = game.Players.LocalPlayer.Name
local Place_Name = game:GetService("MarketplaceService"):GetProductInfo(game.PlaceId)
-------------------
do
   local UI = game:GetService("CoreGui"):FindFirstChild("ScreenGui")
   if UI then
       UI:Destroy()
   end
end

local repo = 'https://raw.githubusercontent.com/x2Syrupz/Linoria-UI/main/'

local Library = loadstring(game:HttpGet(repo .. 'Library.lua'))()
local ThemeManager = loadstring(game:HttpGet(repo .. 'addons/ThemeManager.lua'))()
local SaveManager = loadstring(game:HttpGet(repo .. 'addons/SaveManager.lua'))()

local Window = Library:CreateWindow({
    -- Set Center to true if you want the menu to appear in the center
    -- Set AutoShow to true if you want the menu to appear when it is created
    -- Position and Size are also valid options here
    -- but you do not need to define them unless you are changing them :)

    Title = 'Bone Hub | Scripts - '..Data,
    Center = true, 
    AutoShow = true,
})

-- You do not have to set your tabs & groups up this way, just a prefrence.
local Tabs = {
    -- Creates a new tab titled Main
    Main = Window:AddTab('Main'),
    ['UI Settings'] = Window:AddTab('UI Settings'),
}

Library:Notify('Loadded Script : '..Place_Name.Name, 3)
Library:Notify('Successfully!', 3)
local LeftGroupBox = Tabs.Main:AddLeftGroupbox('           [ Farming ]')
local LeftGroupBox_Island = Tabs.Main:AddLeftGroupbox('')
local LeftGroupBox_Area = Tabs.Main:AddLeftGroupbox('')
local RightGroupBox = Tabs.Main:AddRightGroupbox('           [ Settings ]')
local RightGroupBox_Misc = Tabs.Main:AddRightGroupbox('        [ Miscellaneous ]')
-------------------------------
function instanttp_chest()
    for i,v in pairs(game:GetService("Workspace"):GetChildren()) do
    if string.find(v.Name, "Chest") ~= nil then
        v.CanCollide = false
        if game.Players.LocalPlayer.Character then
            game.Players.LocalPlayer.Character.HumanoidRootPart.CFrame = v.CFrame --Tween(v.CFrame)
            end
        end
    end
end
LeftGroupBox:AddToggle('Auto_Farm', {
    Text = 'Automatic Farm',
    Default = _G.Config_Settings.Automatic_Farm, -- Default value (true / false)
    Tooltip = 'Auto Farm', -- Information shown when you hover over the toggle
})
Toggles.Auto_Farm:OnChanged(function(vu)
    Auto_Farm = vu
	_G.Setting_table.AutoFarm = vu
end)
RightGroupBox_Misc:AddToggle('Auto_Chest', {
    Text = 'Automatic Farm Chests',
    Default = _G.Config_Settings.Automatic_Farm_Chest, -- Default value (true / false)
    Tooltip = 'Farming Chests', -- Information shown when you hover over the toggle
})
Toggles.Auto_Chest:OnChanged(function(Auto_Chest_Mode)
    _G.Auto_Chest_Mode_Config = Auto_Chest_Mode
    while _G.Auto_Chest_Mode_Config == true do task.wait()
        instanttp_chest()
    end
end)
-------------------
local plr = game.Players.LocalPlayer
	local CbFw = getupvalues(require(plr.PlayerScripts.CombatFramework))
	local CbFw2 = CbFw[2]

    function GetCurrentBlade() 
        local p13 = CbFw2.activeController
        local ret = p13.blades[1]
        if not ret then return end
        while ret.Parent~=game.Players.LocalPlayer.Character do ret=ret.Parent end
        return ret
    end
    
    function AttackNoCD()
        if not Auto_Farm_Bounty and not Auto_Farm_Fruit or Mix_Farm then
            if not Auto_Raid then
                local AC = CbFw2.activeController
                for i = 1, 1 do 
                    local bladehit = require(game.ReplicatedStorage.CombatFramework.RigLib).getBladeHits(
                        plr.Character,
                        {plr.Character.HumanoidRootPart},
                        60
                    )
                    local cac = {}
                    local hash = {}
                    for k, v in pairs(bladehit) do
                        if v.Parent:FindFirstChild("HumanoidRootPart") and not hash[v.Parent] then
                            table.insert(cac, v.Parent.HumanoidRootPart)
                            hash[v.Parent] = true
                        end
                    end
                    bladehit = cac
                    if #bladehit > 0 then
                        local u8 = debug.getupvalue(AC.attack, 5)
                        local u9 = debug.getupvalue(AC.attack, 6)
                        local u7 = debug.getupvalue(AC.attack, 4)
                        local u10 = debug.getupvalue(AC.attack, 7)
                        local u12 = (u8 * 798405 + u7 * 727595) % u9
                        local u13 = u7 * 798405
                        (function()
                            u12 = (u12 * u9 + u13) % 1099511627776
                            u8 = math.floor(u12 / u9)
                            u7 = u12 - u8 * u9
                        end)()
                        u10 = u10 + 1
                        debug.setupvalue(AC.attack, 5, u8)
                        debug.setupvalue(AC.attack, 6, u9)
                        debug.setupvalue(AC.attack, 4, u7)
                        debug.setupvalue(AC.attack, 7, u10)
                        pcall(function()
                            if plr.Character:FindFirstChildOfClass("Tool") and AC.blades and AC.blades[1] then
                                AC.animator.anims.basic[1]:Play(0.01,0.01,0.01)
                                game:GetService("ReplicatedStorage").RigControllerEvent:FireServer("weaponChange",tostring(GetCurrentBlade()))
                                game.ReplicatedStorage.Remotes.Validator:FireServer(math.floor(u12 / 1099511627776 * 16777215), u10)
                                game:GetService("ReplicatedStorage").RigControllerEvent:FireServer("hit", bladehit, i, "")
                            end
                        end)
                    end
                end
            end
        end
        if Auto_Farm_Bounty or Auto_Farm_Fruit and not Mix_Farm then
            local Fast = getupvalues(require(game:GetService("Players").LocalPlayer.PlayerScripts.CombatFramework))
            local Lop = Fast[2]
            Lop.activeController.timeToNextAttack = (-math.huge^math.huge*math.huge)
            Lop.activeController.attacking = false
            Lop.activeController.timeToNextBlock = 0
            Lop.activeController.humanoid.AutoRotate = 80
            Lop.activeController.increment = 3
            Lop.activeController.blocking = false
            Lop.activeController.hitboxMagnitude = 80
        end
    end
spawn(function()
	while task.wait(.1) do
		pcall(function()
			if Auto_Farm then
				if not Mix_Farm then
					if game.Players.LocalPlayer.PlayerGui.Main.Quest.Visible == false then
						if _G.Farm_Boss then
							_G.SelectBoss = nil
							_G.Farm_Boss = nil
							SelectMonster = nil
							_G.Farm_Mon = nil
							wait(1)
						end
						if _G.SelectBoss ~= nil and game.Workspace.Enemies:FindFirstChild(_G.SelectBoss) or _G.SelectBoss ~= nil and game.ReplicatedStorage:FindFirstChild(_G.SelectBoss) then
							CheckQuestBoss()
							repeat task.wait(.2)
								TelePBoss(CFrameQBoss)
								TP(CFrameQBoss)
							until (CFrameQBoss.Position-game.Players.LocalPlayer.Character.HumanoidRootPart.Position).Magnitude < 10
							game:GetService("ReplicatedStorage").Remotes.CommF_:InvokeServer("StartQuest", NameQuestBoss, QuestLvBoss)
							game:GetService("ReplicatedStorage").Remotes.CommF_:InvokeServer("SetSpawnPoint")
							_G.Farm_Boss = true
						elseif SelectMonster ~= nil then
							CheckLevel2()
							repeat task.wait(.2)
								TelePBoss(CFrameQ)
								TP(CFrameQ)
							until (CFrameQ.Position-game.Players.LocalPlayer.Character.HumanoidRootPart.Position).Magnitude < 10
							game:GetService("ReplicatedStorage").Remotes.CommF_:InvokeServer("StartQuest", NameQuest, QuestLv)
							game:GetService("ReplicatedStorage").Remotes.CommF_:InvokeServer("SetSpawnPoint")
							SelectMonster = nil
							_G.Farm_Mon = nil
						else
							StatrMagnet = nil
							CheckLevel2()
							repeat task.wait(.2)
								TelePBoss(CFrameQ)
								TP(CFrameQ)
							until (CFrameQ.Position-game.Players.LocalPlayer.Character.HumanoidRootPart.Position).Magnitude < 10
							game:GetService("ReplicatedStorage").Remotes.CommF_:InvokeServer("StartQuest", NameQuest, QuestLv)
							game:GetService("ReplicatedStorage").Remotes.CommF_:InvokeServer("SetSpawnPoint")
						end
					elseif game.Players.LocalPlayer.PlayerGui.Main.Quest.Visible == true then
						if _G.Farm_Boss then
							if game.Workspace.Enemies:FindFirstChild(_G.SelectBoss) then
								for i,v in pairs(game.Workspace.Enemies:GetChildren()) do
									if v.Name == _G.SelectBoss and v.Humanoid.Health > 0 then
										if v.Humanoid:FindFirstChild("Animator") then
											v.Humanoid.Animator:Destroy()
										end
										v.Humanoid:ChangeState(11)
										v.Humanoid.JumpPower = 0
										v.Humanoid.WalkSpeed = 0
										v.HumanoidRootPart.CanCollide = false
										v.HumanoidRootPart.Size = Vector3.new(5,5,5)
										StatrMagnet = nil
										repeat wait(_G.Fast_Delay)
											TelePBoss(CFrameQBoss)
											EquipWeapon(_G.Setting_table.Weapon)
											TP(v.HumanoidRootPart.CFrame*CFrame.new(0,30,50))
											AttackNoCD()
										until game.Players.LocalPlayer.PlayerGui.Main.Quest.Visible == false or not string.find(game:GetService("Players").LocalPlayer.PlayerGui.Main.Quest.Container.QuestTitle.Title.Text, NameBoss) or not v.Parent or v.Humanoid.Health <= 0 or not Auto_Farm or Mix_Farm
										if not string.find(game:GetService("Players").LocalPlayer.PlayerGui.Main.Quest.Container.QuestTitle.Title.Text, NameBoss) then
											game:GetService("ReplicatedStorage").Remotes.CommF_:InvokeServer("AbandonQuest")
										end
									end
								end
							else
								TP(CFrameBoss*CFrame.new(0,30,0))
								TelePBoss(CFrameBoss)
							end
						else
							if game.Workspace.Enemies:FindFirstChild(Ms) then
								for i,v in pairs(game.Workspace.Enemies:GetChildren()) do
									if v.Name == Ms and v.Humanoid.Health > 0 then
										_G.PosMon = v.HumanoidRootPart.CFrame
										StatrMagnet = true
										if v.Humanoid:FindFirstChild("Animator") then
											v.Humanoid.Animator:Destroy()
										end
										v.Humanoid:ChangeState(11)
										v.Humanoid.JumpPower = 0
										v.Humanoid.WalkSpeed = 0
										v.HumanoidRootPart.CanCollide = false
										v.HumanoidRootPart.Size = Vector3.new(5,5,5)
										repeat wait(_G.Fast_Delay)
											TelePBoss(CFrameQ)
											EquipWeapon(_G.Setting_table.Weapon)
											TP(v.HumanoidRootPart.CFrame*CFrame.new(0,30,10))
											AttackNoCD()
										until game.Players.LocalPlayer.PlayerGui.Main.Quest.Visible == false or not string.find(game:GetService("Players").LocalPlayer.PlayerGui.Main.Quest.Container.QuestTitle.Title.Text, NameMon) or not v.Parent or v.Humanoid.Health <= 0 or not Auto_Farm or Mix_Farm
										if not string.find(game:GetService("Players").LocalPlayer.PlayerGui.Main.Quest.Container.QuestTitle.Title.Text, NameMon) then
											game:GetService("ReplicatedStorage").Remotes.CommF_:InvokeServer("AbandonQuest")
										end
										Attack = nil
									end
								end
							elseif game.ReplicatedStorage:FindFirstChild(Ms) then
								TP(game.ReplicatedStorage:FindFirstChild(Ms).HumanoidRootPart.CFrame*CFrame.new(0,30,0))
								TelePBoss(CFrameQ)
							end
						end
					end
				end
			else
				task.wait(2)
			end
		end)
	end
end)

spawn(function()
	while task.wait() do
		pcall(function()
			if StatrMagnet then
				if Auto_Farm then
					if game.Players.LocalPlayer.PlayerGui.Main.Quest.Visible == true then
						for i,v in pairs(game:GetService("Workspace").Enemies:GetChildren()) do
							if v.Name == Ms and (v.HumanoidRootPart.Position-_G.PosMon.Position).Magnitude <= 350 then
								if v.Humanoid:FindFirstChild("Animator") then
									v.Humanoid.Animator:Destroy()
								end
								v.Humanoid:ChangeState(11)
								v.Humanoid.JumpPower = 0
								v.Humanoid.WalkSpeed = 0
								v.HumanoidRootPart.CanCollide = false
								v.HumanoidRootPart.Size = Vector3.new(5,5,5)
								v.HumanoidRootPart.CFrame = _G.PosMon
								sethiddenproperty(game.Players.LocalPlayer, "SimulationRadius",  math.huge)
								Attack = true
							end
						end
					end
				else
					for i,v in pairs(game:GetService("Workspace").Enemies:GetChildren()) do
						if (v.HumanoidRootPart.Position-_G.PosMon.Position).Magnitude <= 350 then
							if v.Humanoid:FindFirstChild("Animator") then
								v.Humanoid.Animator:Destroy()
							end
							v.Humanoid:ChangeState(11)
							v.Humanoid.JumpPower = 0
							v.Humanoid.WalkSpeed = 0
							v.HumanoidRootPart.CanCollide = false
							v.HumanoidRootPart.Size = Vector3.new(5,5,5)
							v.HumanoidRootPart.CFrame = _G.PosMon
							sethiddenproperty(game.Players.LocalPlayer, "MaximumSimulationRadius",  math.huge)
							sethiddenproperty(game.Players.LocalPlayer, "SimulationRadius",  9e20)
						end
					end
				end
			end
		end)
	end
end)
	
if _G.Setting_table.FastAttack_Mode == nil then
	_G.Setting_table.FastAttack_Mode = "Fast"
end
MIo = {
	"Super Fast",
	"Fast",
	"Smooth"
}
RightGroupBox_Misc:AddToggle('Auto_Fast', {
    Text = 'Fast Attack',
    Default = _G.Setting_table.FastAttack, -- Default value (true / false)
})
Toggles.Auto_Fast:OnChanged(function(vu)
    _G.Setting_table.FastAttack = vu
end)
spawn(function()
	while task.wait(.5) do
		pcall(function()
			if _G.Setting_table.FastAttack then
				repeat task.wait(_G.Fast_Delay)
					AttackNoCD()
				until not _G.Setting_table.FastAttack
			end
		end)
	end
end)
LeftGroupBox:AddDropdown('Fast_Attack', {
    Values = MIo,
    Default = 1,
    Multi = false,
    Text = 'Fast Attack',
})
Options.Fast_Attack:OnChanged(function(vu)
    _G.Setting_table.FastAttack_Mode = vu
	if _G.Setting_table.FastAttack_Mode == "Fast" then
		_G.Fast_Delay = 0.3
	elseif _G.Setting_table.FastAttack_Mode == "Smooth" then
		_G.Fast_Delay = 0.5
	elseif _G.Setting_table.FastAttack_Mode == "Super Fast" then
		_G.Fast_Delay = 0.2
	end
end)
local Camera = require(game.ReplicatedStorage.Util.CameraShaker)
Camera:Stop()

Waspon = {}
for i,v in pairs(game.Players.LocalPlayer.Backpack:GetChildren()) do  
    if v:IsA("Tool") then
        table.insert(Waspon ,v.Name)
    end
end
for i,v in pairs(game.Players.LocalPlayer.Character:GetChildren()) do  
    if v:IsA("Tool") then
        table.insert(Waspon ,v.Name)
    end
end
if type(_G.Setting_table.Weapon) == 'string' then
else
	_G.Setting_table.Weapon = ""
end
LeftGroupBox:AddDropdown('Select_Weapon', {
    Values = Waspon,
    Default = 1,
    Multi = false,
    Text = 'Select Weapon',
})
Options.Select_Weapon:OnChanged(function(vu)
    _G.Setting_table.Weapon = vu
end)
LeftGroupBox:AddButton('Refresh Weapon', function(vu)
    Select_W:Clear()
	for i,v in pairs(game.Players.LocalPlayer.Backpack:GetChildren()) do  
		if v:IsA("Tool") then
			Select_W:Add(v.Name)
		end
	end
	for i,v in pairs(game.Players.LocalPlayer.Character:GetChildren()) do  
		if v:IsA("Tool") then
			Select_W:Add(v.Name)
		end
	end
end)
------------------------
LeftGroupBox_Island:AddDropdown('Select_Island', {
    Values = Islands_Lead,
    Default = 1,
    Multi = false,
    Text = 'Select Island',
})

Options.Select_Island:OnChanged(function(Select_Island_Mode)
    _G.Select_Island_Mode_Config = Select_Island_Mode
end)
